500
0 7564 2487 9326 6035 3722 3714 2206 5110 9422 5865 1834 3789 7845 843 4020 9244
1 4968 7879 701 38 544 1109 2954 390 3105 2432 7396 9483 4765
2 1002 3760 1119 4486 8659 5086 4946 1054 3492 3578 9354 5307
3 5588 4412 5628 8382 2647 5304 3807 5927 1697 9714 3561 2857 1625 7762
4 7954 1104 9901 9098 9360 7389 1470 1941 6661 5841 8299 2752 4680 8688 8068 1496 5715
5 2356 1582 5717 4557 5284 7308 7928 5567 5069 8834 6139 2414 4311 9545 3982
6 8608 9363 8917 304 793 4310 3493 9343 512 2557 7621 8005 2962
7 1493 7257 9171 1698 237 8940 3870 6239 7856 9021 4282 9586 4680 8043 9244 321
8 3443 9854 6277 5891 7876 401 5542 9088 2416 1763
9 9856 6719 3558 313 6475 2536 1198 2516 2589 2437 79
10 6908 6281 5726 7232 7810 6943 7797 4116 9512 7048 6001 6765 6962 8439 7438 1774
11 8119 3202 4698 9098 1069 9581 2968 2222 3675 4463 3860 9878 4348 8026 751 3363 8907 8908 199 6613
12 5362 955 3370 6646 8786 1345 8897 4490 5676 9414 9640 5179 7641 489 5762 2288 2962
13 3412 8997 7469 4953 8967 7089 2134 1181 198 7309 5777 3885 8130 4326
14 2654 7547 3431 1409 2490 4715 9393 544 4564 8332 8105 5307 4314
15 1972 7631 86 3514 3401 1928 7022 5055 2235 3753 8994
16 2980 8120 4101 6605 7537 6691 4072 6209 722 4219 8539 8711 6613 5715
17 5114 5170 4947 1474 121 8335 1680 4487 3284 7013
18 6900 6994 3382 4383 378 1320 9695 1866 5802 5014 5340
19 5694 2714 5369 8046 1249 4621 9180 4070 3186 6398 1247 8532 673 1043 6049 6827 2962
20 1188 8434 5147 5754 5947 1082 7174 1074 9107 7120 2555
21 6030 9423 5144 2583 1770 2436 4042 8051 2431 3626 8511 9139 7880 5340
22 3197 3177 1024 6183 1341 5811 2076 5419 5383 450
23 7139 6989 8617 436 8766 4671 1205 3526 6209 408 7599 2 2240
24 1614 1893 8802 7265 4390 8002 2397 5425 5922 5821 2128 3936
25 4445 6638 6334 411 7426 9397 3695 7941 9960 8733 5052 3641 8270 5492 5643 8406
26 6235 1480 1817 4881 5648 7250 8772 5118 2657 9947 8431 3012
27 2509 7466 1877 5526 1836 4196 8208 4693 9723 9476 9259 9451 2340 7413 7880 2962
28 2718 9808 224 9988 975 4391 6431 1820 7325 3256 5386 6547 3877 2986
29 4471 4578 6474 1177 9454 5100 8826 7888 2954 7350 455 372 1546 2892
30 7655 6200 4450 9227 5590 1197 2923 7387 9204 1378 5593 7699 2
31 2021 6363 7839 884 6639 649 6702 8700 1000 7574 6678 5429 865 6187 9197
32 3780 6585 401 1093 5629 9015 1355 690 3313 9785 1081 6049 2121 2962
33 8426 1949 2425 6410 1706 6091 4416 1381 7071 9936 9677 8920 5437 3830
34 9059 728 5680 2024 8199 3903 3684 6895 6845 5917 2424 4526 6949 6014 3106 3232 9842
35 8226 2984 8977 3350 702 4161 7741 2179 7182 4245 7 3074
36 4702 2602 8076 9619 2663 2828 1201 2457 114 397 3465 3541 6021
37 4333 1386 2018 3044 6238 287 482 87 4187 4349 6028 1929 4967 8722 7296
38 580 6834 5743 8655 1759 7241 7560 6193 2586 9053 5700 9404 2892 7883 3982 9533
39 5718 656 1700 1267 1337 1419 899 3317 4524 2474 8896 2555
40 2168 7131 3250 335 6656 3954 7052 598 144 6048 3801 6547 7949
41 5398 5931 8305 4764 3182 229 2770 308 1050 3982 2
42 5057 5336 9917 873 4726 1165 3097 3744 7952 2366 4431 6101
43 9687 1298 1162 657 2709 8637 9866 2888 4620 8539 5715
44 5687 2988 2310 6088 2989 5049 1920 9048 8959 1228 3450 1987 850 7762 9968
45 5236 9724 6950 1532 2712 1632 7988 3825 9957 1139 1081 1025 9032 2
46 534 1996 6443 2274 565 3580 9815 3561 1786 8019 9234 2063 4313 8005 9968
47 5798 1596 4382 2950 962 42 5795 9351 2108 6213 8598 7880 2327 2
48 7951 3216 4771 6255 9712 4995 2017 4243 9172 4414 667 1551 2871 9032 1174 9991 2003 5767 5064
49 7543 8548 8780 8184 4515 1553 878 8520 4117 5303 7610 2240 7413
50 3548 6506 5263 2535 8627 5253 9001 3348 6743 4805 1265 5014
51 8566 2711 779 1590 9204 9123 8728 7061 1773 7274 2398 9609 135 7950 753 7267 7438
52 6896 8985 4938 7220 1867 1250 3160 5137 9980 2156 9835 3853 6445 3751 3050 5322
53 4778 268 3889 3547 2975 3206 1178 9877 5532 5861 8998 8545 3835 2209 707 1524 7699
54 2251 2514 1115 1465 4182 641 8730 4950 4938 250 935 2340
55 6832 1826 7863 8247 3769 6152 4349 2950 2505 8406
56 1887 6441 3595 364 9030 7396 248 9125 4243 3199 9197 321
57 1228 9543 9747 9695 5532 6431 6996 9036 281 1292 2933 8396 2288
58 4098 4812 7444 1208 2253 623 8704 4998 3875 896 6332 3468 3012 2240
59 2091 9346 4208 4493 4383 4182 6090 2343 155 7434 921 1752 7438
60 6641 2081 6468 9340 5666 3217 603 4865 1788 8592 7243 6153 1496 2288
61 2587 9193 5066 2632 6612 7157 9966 2003 4027 745 7652
62 1844 3059 7946 6474 568 3650 92 9476 9462 6369 583 2962
63 210 9505 5794 9650 5181 4527 8972 6561 4883 3342 4347 9438 1436 79 8195 3061 3836 259 8994 9007
64 962 9326 8041 1543 7642 6628 5226 1019 4727 5758 2340
65 1890 6929 5313 872 3286 1064 1416 9872 4514 7326 3479 4913 935
66 305 4152 2040 6820 3819 605 168 3002 9181 5625 1596 7101 6970 935 8644 4314
67 1443 468 4220 7408 4690 9475 8352 4785 1086 5642 3710 2452 125 3839 1752 2327 2962
68 3819 9216 938 3879 6815 6702 7372 361 8152 282 9371 6175
69 6688 8336 9355 3710 7173 9264 735 2846 3291 6330 382 3523 9885 2292 3521 3982
70 2430 4502 4780 4939 1174 5588 5222 3563 5697 5122 6606 6825 8068 9086 8491
71 8517 1636 7215 9632 4302 8549 336 7468 7913 1627 9047 1984 2340
72 4207 5615 87 4383 824 1594 9662 4313 4720 6836 8233 2
73 484 4403 7300 2592 9405 8625 4010 651 3864 1054 4939 79
74 874 2881 6223 5499 9745 7352 1878 3141 8538 8975 4763 3909 9697 5507
75 8372 9353 4625 7621 3909 7557 5738 6979 1340 3847 2505 1364 2771 755 2109 3012
76 1432 400 7892 4318 1462 9782 3888 8243 6603 9129 3830 2240 5715 935 7762
77 1817 3300 6142 5510 9710 599 432 5700 1183 7073 5138 7806
78 515 757 4863 9978 360 3128 172 3562 3394 7956 3824 2060 4326
79 3459 3790 8813 4630 2094 883 5547 6308 9058 3161 2773 3432 9842
80 2767 4571 8451 4860 5622 7527 4244 1384 5438 9781 5913 5439 9244 3376 847 8491 5917
81 6314 5133 4256 3136 3518 655 4073 9867 3186 447 2240
82 7253 281 4507 880 3904 5736 6009 1510 3257 3 6868 1846 725 7736 9968
83 5376 7755 2565 2701 6790 6092 3968 4541 9149 7889 131 530 8121 6608 1221 1039 469 5860 3251 7153
84 3137 6628 4905 1021 6585 9171 8190 948 6393 9276 9551 7206 4020
85 684 127 5291 5870 2988 895 6304 6961 7128 9006 6234 374 4314
86 3217 6989 351 1527 2853 3618 648 2644 610 925 2155 5412 6030 3074
87 4954 694 7028 1451 7918 100 2428 1303 8427 4405 2537 9007 427
88 3140 7925 4616 5693 3689 7145 7779 8966 4893 9618 5091 2023 871 2595 2121 2555
89 1441 9449 7310 7416 6803 7293 4051 2968 572 4538 4857 7744 625 2327
90 6964 4675 5454 3811 5054 972 5613 6872 5000 8874 860 8484 6196
91 4518 4668 4293 4275 1249 5828 7354 8341 2353 5740 5099
92 3511 1261 1028 2718 9203 8111 8088 2559 3889 8583 8598 2774 5462 8812
93 1620 2210 6420 4434 5730 7870 7359 2300 7771 3758 7652
94 436 7032 9552 9033 1635 509 8860 4907 6802 9979 7883 8994
95 1801 593 9458 3969 3961 4846 2502 5661 493 1702 3814 9836 3758
96 7073 1284 471 356 666 373 8886 169 8945 7338 7710 4909 1774
97 6042 7606 8188 308 4541 8465 7647 1184 7548 5227 810 7980 5039 8209 5097 4070 352
98 6777 6579 573 1486 1975 9020 7624 6213 2929 1697 4060 8414 552 8248 9197 2986
99 3254 4290 889 882 8823 1301 7457 5281 6554 9792 7716 8407 1934 6613
100 3182 8542 1723 7818 3557 6125 6069 7336 9773 3926 7762
101 191 4634 4194 1968 1221 5245 1528 2170 7904 9411 4985 3023 8125
102 7939 7327 6179 55 2561 4788 5571 9502 3275 4081 2895 3316 9968
103 1458 6882 6138 8052 9528 7873 2032 1662 2197 1123 5193 1343
104 313 322 3632 5055 6541 4370 9437 4965 4379 9172 2583 4985
105 2953 4961 4686 312 25 1286 6590 9126 626 9970 2158 79
106 3825 9203 2756 3927 9447 7507 89 8768 729 866 2538 5917 5715
107 4750 7486 4450 4351 1501 9076 1949 655 9655 6456 553 5387 9443 2175 7762
108 2348 3674 2249 8889 4318 817 6835 4852 8885 3135 5925 9349 321
109 2684 3796 2243 9221 8874 5169 2287 3038 6734 6067 2555
110 641 7242 5945 1403 323 16 5178 4667 6655 303 2475 2260 9545 4855 5219
111 8567 6118 3475 2394 4131 5093 377 8658 7029 1465 450 7429 9007
112 8665 7931 3204 99 9238 4507 784 210 9759 4124 8301 2744 2696 9990 1750
113 2329 3260 8300 1644 8665 5634 4789 6149 9926 4453 7101 6581 4627 7883
114 4862 2961 5113 6474 6377 9320 4856 3178 9902 2173 4168 1657
115 5686 2949 607 3170 2853 9322 345 3018 1740 912 1206 6061 8893 9347 7575
116 3026 4464 8357 1423 6989 6151 7473 6460 9066 8820 4370 9918
117 7512 7246 4795 6385 430 3288 2886 3275 2446 413 9994 4442 6445 4901
118 1708 6923 2597 6795 6407 1741 7825 5701 8604 1717 7414 5693 238 1429
119 1600 7445 9513 4708 3692 3260 9626 258 1868 1523 569
120 2469 837 7702 888 5551 9053 3886 4642 7610 7367 3395 9244 3894
121 3317 7858 8009 7382 7383 1681 1279 9961 1245 3937 6980 7949 7413
122 5162 773 9975 8995 1324 7938 6749 6808 4912 4491 3652 8871 1689 4104 9709 4531
123 8777 7327 1885 7617 9469 3565 6794 6570 1948 2983
124 5481 750 5246 3502 1340 8156 1586 452 6234 8137 697 776 4340 979 79
125 2317 237 7665 5509 4371 5530 6574 8199 3821 564 8342 3781 1343 1774
126 2233 1640 4082 9752 5085 2997 6024 7151 5258 3133 7319 1476 5064 9533
127 6652 8147 5161 6066 9830 8725 21 2903 3254 9325 4419 1668 8793 5097 7630 4035 4020
128 728 8430 7158 2676 6887 3109 2759 8173 5565 3696 9260 9968 9007
129 4471 4505 3107 7436 5927 3866 345 5587 35 5817 5268 9461
130 5629 6640 8027 5598 2547 7242 5544 1975 3592 3319 2480
131 5545 2034 1874 9587 1713 3655 888 829 7230 788 860 8728 3894
132 439 7091 6942 6707 5478 7106 8702 7316 1724 2604 6332 485 459 9834
133 4441 5552 5638 187 1486 2973 1537 3382 2953 9040 1125
134 9559 3334 5204 2244 5598 1113 2844 7024 6925 7399 3466 1071 9800 3146 116 7153
135 7427 725 2220 2530 6574 2267 478 6709 8122 663 5206 8343 4035
136 1826 9856 5523 2126 7873 528 9388 3997 8741 9736 7185 3707 1920 8406 3877 79
137 293 1148 5199 3762 3858 5250 2620 4493 4508 1316 1904 1736 2666 2986
138 7184 315 6085 1147 6106 6656 4182 945 4112 2321 678 6768 4870 9533 352
139 8063 3330 9923 7363 760 1423 9535 6405 999 1196 3679 5348 8062 4199
140 2091 4041 5616 3142 4283 1306 9817 9924 1175 5295 7133 7699
141 349 7432 6485 4544 1958 6171 4818 7272 9056 5815 5819 3368 1081 6630 5471 9075 7949
142 1250 2454 9748 4947 7366 2452 4997 6680 4994 3745 361 8363 2005
143 4612 5173 7268 6524 373 3915 8474 9838 5190 3270 670 7652
144 797 4466 9217 6834 8148 5757 6317 2015 8269 3758 6613
145 4992 3647 3599 3663 9925 8322 8673 2648 8374 6842 8462
146 6142 455 8292 8990 2609 4392 5376 3289 8939 3276 1912
147 7124 1767 6325 5772 3813 9987 6525 5960 6542 8540 5846 6054
148 8558 8504 7915 900 9426 1488 4330 992 2127 7856 9199
149 6708 8010 27 3130 4610 8793 1676 6760 3485 3219 7713 2114 9533
150 5823 3086 5432 8016 2493 9193 4403 8511 7449 9135 6622
151 4375 1922 1072 6182 6263 7403 7578 9051 2418 9804 6187 5748 1668
152 2046 2903 9390 2024 1684 4602 381 3698 5639 9443 3981
153 2895 1544 4238 7061 1009 7068 7567 8858 7528 3092 8178 5406 5842 1550 7165 6447 625 9533 3877
154 9052 9153 9042 4230 3629 4276 144 7312 9775 6448 6224 2597 1065 3190 3380 8495 8491 5715
155 8400 286 926 6560 6580 1346 9427 938 4309 8733 2612 8842 6698 8055 6049 2962
156 505 8854 6859 106 8415 2444 8975 4039 910 5441 5395 6024 2456 5117 7802 3316
157 8422 9358 4050 8909 7918 5550 9155 2362 2569 4985
158 1191 5836 3058 3412 3028 7597 9745 5718 525 7799 295 8022 5458 3012 321
159 3200 3646 3563 3795 8386 2863 9705 560 6950 6897 2484 1132 385 7864 6049 2288
160 2532 2357 8360 7149 1617 3065 1651 6057 1037 5011 4842 8684 9518 8994 1668
161 6394 1996 4144 8787 8505 9927 1202 3467 1893 4823 4035
162 4637 8092 5591 5867 2530 475 1288 3705 5329 9070 9754 1472 9565 1822 6030
163 9442 1262 4605 916 5056 5200 9102 1379 6640 6556 7153
164 9633 172 9891 7248 6217 1200 6023 4066 6896 9581 2274 9842
165 5942 137 3687 5676 5131 8837 7821 5202 2273 5484 9765 9961 4754 1542 5768 4180 7949 3877
166 9328 869 9021 6362 5875 6554 2149 6757 8231 5722 6956 3135 2013
167 3523 5348 9140 5183 899 3919 3405 8195 4486 1660 1050 9666 4824 5962
168 3523 7091 9643 4693 5358 7479 3581 8658 3679 8968 796 3857 8375 9461 4531 5412
169 5681 2515 2789 7697 7550 3805 3466 8168 87 8930 5677 5412
170 7784 9350 3599 1996 5211 8664 3479 4066 5611 718 5257 5443 477 5445 1668
171 9922 8695 48 9331 114 4464 6438 5995 9464 1829 8583 178 4699 3393 3275 5946 9357 2155 2
172 6713 7962 3441 2102 1691 6387 1316 8622 9326 4261 2088 4661 7669 321
173 9956 5648 2801 7531 1733 9810 4808 788 5302 3914 7413
174 1004 1816 2963 2388 4231 5107 3272 6253 3521 7652 2962
175 2831 2127 4922 2283 6077 2682 4953 4477 7522 7472 7864
176 2550 3296 9099 9756 6040 6311 2586 1999 5858 5998 5104 3106 3395 5880 321
177 2977 8955 6425 2223 713 7925 1181 2066 9498 1208 8788 904 3728 6049 412 4326
178 2199 9959 9009 8161 4029 9622 9960 2757 5822 3147 7950 3981 2
179 7510 5641 1202 9452 7580 8624 882 9652 2320 6011 2260 1058 5412
180 8893 706 1146 9700 4018 4837 8208 8507 1407 600 7790 1216 8794 447
181 8739 8900 8338 8185 4420 5958 5515 1922 7804 8369 8085 2396 4282 8268 1112 76 2288
182 4262 4 740 7329 1756 9917 5779 3324 3180 4170 7883
183 970 3591 3420 9718 4904 6092 7493 3634 8267 7513 3555 2414 9138 9842
184 9214 1046 6065 9063 4716 4575 1075 1419 5741 8287 5189 5122 2240
185 5367 3152 3582 8570 4655 7893 7809 297 8849 2508 1590 6770 8934 3981 3012
186 6316 1094 639 4388 9276 4778 1773 5433 7246 9319 3172 1852 2863 8600 5962
187 8374 6912 9067 9054 1507 6690 1783 3305 7153 4664 447
188 2838 3443 9760 9111 7596 3419 2120 3986 7954 8279 4662 7087 7790
189 1309 2996 3455 3934 4852 1960 2478 5444 3426 8451
190 4839 7152 5024 3689 9666 9584 8779 5468 3774 6460 2304 5748
191 6142 727 1637 3901 5913 2261 4255 3856 2530 585 3795 2768 843 8994 6613
192 1147 8472 3430 7468 8657 9766 2559 8833 5948 2630 5775
193 4563 4492 7928 5314 9917 7939 8895 1477 3135 7387 5401 7762
194 9658 3676 9674 700 7765 415 2377 6283 3809 9198 5323 9524 1310 2052 2986 7652
195 661 128 6444 7282 5279 6872 9477 2929 84
196 4656 9011 8597 7288 2287 1392 8454 3159 1365
197 9972 4136 3536 859 9532 8081 7951 1593 470 3086 9391 9086 9848
198 849 7552 4412 7208 9690 152 6572 6803 5155 8644
199 839 3291 7261 5345 6705 6349 1890 8485 141 386 2783 1740 1454 6049
200 7725 9770 2447 5059 1973 2629 8758 4439 5327 5466 4546 1391 2439 6676 6778 3982
201 4744 3494 3536 1521 3770 3198 3589 5187 2345 9740 1560 2155 2962
202 1936 8433 9765 3085 548 9127 5918 5454 9790 1164 6470 6044 9199
203 4888 7924 8391 7217 1672 9154 6298 4591 1863 6702 4138 732 3783 7762
204 7761 7471 5986 5492 9414 6806 7795 7107 6988 150 1045 4134 2538 3509 2340
205 266 3159 8944 5370 4069 8556 3101 3070 2486 6774 3797 3755 922 1250 3950 9199
206 4797 5549 9826 8060 2044 3539 60 6159 225 702 3764 4378 4314 4765 935
207 216 4428 3974 3535 9022 7425 49 8768 5023 1282 2128 2666 2240
208 7469 9783 7584 7986 9517 7372 4738 4379 7389 503 7379 1534
209 2291 3297 436 610 9288 7816 3003 6834 1092 5850 3700 6672 8125
210 5299 1437 9817 6818 5655 9891 9298 3148 7419 6877 2569 8212 8994
211 442 6501 2593 9060 1610 3954 8570 3743 4480 6641 1839 5643
212 846 3161 2621 7084 6609 3387 7218 83 4971 6331 6021
213 9019 4522 4082 1044 2331 9067 3019 4290 4959 2052 1979
214 7687 2523 3345 3563 169 7803 6756 9953 9866 1267 1176 3521 2643
215 846 1635 3084 9676 1344 3519 5641 1334 7004 4786
216 9064 5981 1172 3311 6164 3551 8100 3716 6149 9338 5783 925 205 7
217 415 4701 3095 1019 9825 8111 6503 1389 1057 2316 4381 2930 668 4091 6153 79 8491
218 8436 4935 4016 1821 2877 6441 4936 3532 4839 4647 7699
219 8108 8350 8750 1798 2199 2163 9001 7700 7905 1546 2983 935
220 4676 2796 1428 7161 8138 974 2817 8975 3919 7888 4805 1728 9265 2288
221 1072 3786 1926 855 8826 9754 9307 5731 3326 9120 427
222 2860 815 4690 3524 4052 2262 8208 9826 7245 8067 3491 2074 9374
223 7086 7916 6019 323 6477 2147 8094 500 4238 6854 7064 3104 4786 979 2555
224 5990 160 1416 3694 3872 9243 8404 872 9414 3584 8491 8994
225 4370 1825 7966 6498 5433 5661 3459 820 7875 3173 4068 1339 5468 8728 8092 8043 6101
226 3603 2907 1729 2975 2075 4428 727 1210 5233 2985 3184 5887 6986 8125
227 5706 9801 3185 1473 3577 8010 5952 3536 6545 2555 321
228 6488 2450 8704 6340 4892 3957 785 4001 2932 6537
229 8266 7004 26 6286 5615 2719 7490 7522 2071 8336 8571 8116
230 4073 8940 314 6218 7306 4167 7417 7176 7128 1079 2182 1774
231 2928 1908 7930 3588 6707 4190 8757 1917 2885 5870 5740 9943 1956 3158
232 9641 678 3536 8775 5348 8935 3186 7317 487 5323 7117 1270 8114 5537 9435 2892 2288
233 6400 1851 3723 2633 3372 4165 9305 363 1357 2099 6341 2265 3043 6482
234 150 9536 954 3737 129 2333 8917 8472 6415 4916 5838 5053 4199 7699
235 2802 8468 8280 607 2148 2198 4551 5765 2232 1318 7720 5860 5677 2240
236 8447 2657 3189 2062 2381 9802 795 2210 8684 881 1543 7178 6778
237 283 749 3250 380 4552 8044 1712 3744 1202 1642 2970 9777 4385
238 7195 2586 3835 6349 4225 2857 174 7606 6652 706 4660 3597 6315 9302 8748 730 1774 1299 1429
239 3351 8546 3850 2869 7178 2367 8990 2247 4155 2222 5715 2615
240 9093 4049 6255 5659 403 2309 7055 5698 3969 1771 4539 2062 5662 200 3163 2182 1774
241 4932 1663 7947 9400 3442 3037 4935 6696 1490 9107 3877
242 3423 6754 2107 1421 8973 933 2952 8281 4512 5514 4286
243 2089 8924 739 2540 5931 3938 5628 4915 4935 7151 4886 9453 8644 9968
244 3198 118 2162 8158 4862 5759 6169 2134 7993 4567 6030
245 689 8795 95 8564 1721 7196 9871 3613 441 2379 6323 8855 4913 7221
246 7674 9641 50 3627 3556 3222 6642 1085 817 6153 8663 6938
247 6594 7344 9902 9082 5560 2832 4841 6780 1433 8124 8145 7053 2962 8125
248 9911 4698 7017 3129 8089 9021 3957 7799 6321 4547 4662 9125 8831 6470
249 8527 5657 1490 418 8009 359 7514 6991 6461 1963 5921 6970 5962
250 3536 5440 974 9678 1088 1044 9432 8793 4001 1263 4970 6970 3006 6538 7732
251 9243 2912 2219 3290 4220 9387 3497 621 9213 1048 5 7413 979
252 4133 3196 8790 3334 9186 4792 2880 9984 8505 214 6115 9968
253 8202 5268 7507 5046 6122 7953 3782 528 1911 2498 6608 3783 7652 2240
254 6231 319 296 1030 8665 9279 5931 9617 9807 8618
255 7422 2852 8448 8941 2937 4077 3465 9710 1477 2678 3821 9998 4616 395 2986
256 632 7455 2213 7937 6958 9117 4141 3036 4378 5457 3074
257 9538 519 6819 3730 8144 815 1235 616 4939 6805 4432 4418 7280 5030 3720 5862 4352 8125
258 4148 1323 7010 1767 8699 4908 7811 8758 1814 5481 2319 868 3700 1121 8498
259 2850 5759 2594 338 319 9679 1666 1632 4851 9633 2401 8566 8644
260 1433 5056 2044 5552 4195 2320 1626 4336 6834 7606 257 2128
261 1340 9835 7279 9737 9838 716 8736 1490 9755 9413 254 8711
262 1989 8152 1109 1291 8890 5957 6612 3969 8695 9036 3783 2555
263 985 7623 4657 7945 1743 591 3535 6185 452 9689 695 9615 2288
264 3163 3959 1176 8075 6946 6836 9423 5552 2639 8150 746 2609 7406 7841 4036 7296 1299 5962 5715
265 2046 348 9280 2863 204 243 9788 4349 5379 9431 8125 7949
266 6976 5987 9871 5598 2377 5466 1048 1820 4037 4092 8179 488 7350 3074
267 8688 7040 5179 7256 2051 5363 6723 6330 7006 4711 2325 3808 7392 5762 2962
268 3201 7635 6017 9710 1980 2687 7841 1852 9226 7673 8122 1348 352 2962
269 3978 2823 8073 8743 5919 1287 3867 1636 6320 3319 7438 1125
270 611 8610 4410 4032 9564 2358 5541 1716 1890 5251 4928 7699 9007
271 669 8792 9994 5136 3953 8206 8724 5117 4714 1778 5884 560 6044 2240
272 6876 8929 2692 1618 1917 9767 2678 5105 5747 2690 6503 1029 420 4679
273 246 2067 3678 2263 3653 9185 6959 9570 4917 6421 9768 7400 4181 6705 8599 1956
274 1989 5220 6339 8530 2154 853 2933 9823 8814 3784 9404 5412
275 6558 5319 1854 8727 7354 1776 1664 9671 9492 640 2555
276 2427 9439 6760 8680 1167 3790 9722 6711 9624 5893 8552 5835 1363 2158 935 935
277 288 4837 3421 7778 3650 6707 8930 8972 9652 3937 1763 412
278 7119 1191 7065 4806 4692 4946 9232 3729 1111 3867 7725 1299 2288
279 9525 2327 1201 6794 8649 9712 5796 5584 2897 3347 9576 4058 7791 7179 8491 2 2288 79
280 1694 2386 6876 1438 2977 4037 7348 8110 7621 4912 2175
281 179 7563 5086 2553 1446 7174 8357 197 6686 1860 912 4107 5715
282 7642 5835 7224 6469 6071 9570 2068 1486 4179 6610 1085 6883 6187 979
283 932 4905 7425 6531 4865 2896 4906 6208 8061 6944 6257 7147 6869 9947 7751
284 1194 953 8540 8676 9291 3067 2027 1908 1116 9139 352
285 8836 1109 5289 209 2916 4514 6580 3554 9893 2674 9707 321
286 909 672 1443 3364 4713 2297 8991 2665 1241 1342 4294 3781 2013 259 2
287 6252 9071 4530 5674 7842 113 5939 3922 5601 7281 100 668 8797 9533
288 7897 109 1892 4644 5482 7682 4485 4479 7485 5333 4831 6170
289 5164 6815 3546 3514 5351 5008 9363 2497 8461 4210 5989 5141 79
290 6435 6529 3878 8678 284 5203 4390 8395 8173 5193 7949
291 4961 9123 8879 1279 9096 7925 1991 6724 9621 2533 1534
292 7493 2453 5753 6898 1689 5638 6401 3366 2440 313 5323 5802 8431
293 7180 1385 9605 6667 6084 9581 808 9945 5100 466 1489 1483 6260 4541 374 3012
294 8804 263 5949 509 1135 3011 8289 8932 4958 2986
295 3780 3153 3126 2017 41 7070 5940 8120 9392 1375 6161 7438
296 713 8631 2053 3616 4252 4092 507 2079 5703 6921 6527 1779 8304 4340 7713 2962
297 3891 8521 3907 3419 6795 2536 657 3442 7261 4494 6161 8812 5715
298 8167 3730 4702 1200 3070 7136 7854 4005 8854 9212 7261 2298 4689 2349 4314 9533
299 694 3617 6506 2523 5927 5363 7969 871 3195 2537 9013
300 4812 4687 9593 2266 7264 5582 888 2919 7090 383 1259 6482
301 3614 767 1642 8076 5624 9071 1914 3629 8013 9838 5031 8887 3751 979 7652 935 321
302 7453 7473 2581 5565 7766 5753 9196 1113 3594 7615 2611 3982 1774
303 4097 6304 4556 124 1311 7251 4772 8181 5461 4443 1580 7790 3074
304 7621 7304 2115 828 6457 1402 6969 2018 8700 4925 766 3766 6149 6777 4060 2555 2240
305 9538 9481 4702 9694 3546 599 4265 6965 1588 6469 952 569
306 7106 1756 6813 6155 8699 8463 5235 4360 8102 1896 7949
307 406 1248 8553 2066 4652 9587 5557 9356 5781 6955 8957 1610 1139 1223 9632 527 719 6141
308 627 7348 947 1591 6267 3274 3178 547 650 3543
309 9182 5957 7186 4039 1754 5202 8585 8443 2552 8936 473 4310 8092 420
310 7248 3671 631 3148 293 112 543 8670 789 6633 6445 652 2240
311 7112 7503 3149 2221 5350 4274 1549 836 8660 3520 9545
312 2959 2987 9926 9492 8610 2241 9921 5237 6660 6797 6458 4035
313 8351 5952 8326 6343 4825 2580 1445 151 3923 7876 2960 6592 5097 6621
314 9227 5442 786 2476 1640 1112 5632 6624 7948 8022 5745 4721 2937 145 8539 238 5507
315 7334 1461 308 2776 7918 4478 866 3733 4654 1297 332 4297 8170 3936
316 4594 945 4583 6109 6743 6776 7038 3106 8199 196 4905 6374 4180 7575 5412
317 7963 9986 159 5912 8819 8501 8213 5983 2355 526 397 2240
318 9466 9275 5624 8865 120 8237 8648 2780 1332 9930 3012 6938
319 9878 6530 9887 5114 6670 8214 4929 3454 993 3483 1675 3713 4372 4501 420 79
320 5931 6746 8019 5708 5851 1369 2644 434 4983 6578 6352 9991 8887 5762 6613 7652 3012 3012
321 5736 1648 692 5055 1052 1848 2291 2756 7802 5064 7153 2240 2962
322 4565 8047 6725 9945 3260 8641 6180 7761 755 6122 2486 7883
323 7470 3959 5319 5957 7803 6901 3385 904 5260 1880 5288 1670
324 9454 6121 6883 5710 9762 578 1925 4722 9418 307 2983 9007
325 6709 7738 3655 6625 3860 8605 4159 3294 6265 1426 4619 6778 7438
326 9330 2483 8424 6952 1912 4202 7262 7748 8666 1942 9510 4153 4698 7861 9071 1176 527 9129
327 4295 1982 6934 6558 7378 257 8772 5637 327 3842 443 3074
328 1276 6057 2302 8265 5218 1634 6701 6414 3786 1820 4503 5676 1345 2113 5583 412
329 4305 6476 520 2923 8255 8234 658 8708 7037 5835 4058 2760 5194 1625 2962
330 8334 5102 6529 7882 9317 9029 3359 4290 7364 1430 8130
331 2574 8438 7356 7334 5692 2089 4644 5644 4436 8227 8994 6938
332 8372 5100 4243 3323 3890 2479 7385 3325 5387 8056 7630 1625 979 79
333 9978 2069 2881 3646 6000 2683 6791 6071 2004 3545 6428 9129
334 3826 4335 4838 1682 823 6290 8683 6972 6859 915 3379
335 7805 7840 4062 1172 6724 7965 25 4110 2113 6419 5172 8044 4616 1868 7200 2986 9533
336 4608 3298 6738 8972 4614 9552 8702 3955 2383 1317 1150 868 8512
337 9384 1520 3983 8326 7501 890 8972 7848 710 3651 9027 838 2643
338 4061 8746 7268 8306 6854 4464 8818 5861 9261 5891 1800 3533 1904 9265 925
339 7175 9462 131 4223 3719 1544 1426 1455 8886 2105 9336 135 8487 5437 6054 2288
340 5619 9894 4608 303 4118 5672 2361 3363 3358 5143 5163 250 4385 2288
341 7715 407 4261 9123 4198 4391 5431 6379 4758 1770 9545 935
342 5120 9122 441 4418 4009 2504 556 7802 8594 1712 5215 176 9842
343 3604 197 4673 1840 3217 1321 36 2286 310 5251 3758
344 3802 5646 8466 4830 6304 1840 3566 6811 1150 9164 5710 1123 2875 745 6613 427
345 4145 4421 2919 3256 6646 7122 1106 1686 4123 4347 6845 700 511 5715
346 1915 4299 7463 7182 6743 6081 1962 4133 675 8773 6914 5331 6568 7278 2552 5547
347 2149 4277 7096 517 8516 206 1033 5360 4940 2606 8145 8901 7306 4056 3936 7949 1668 3074
348 4646 2912 214 7637 8443 9258 2014 8755 9459 5645 8580 7902
349 2425 5131 2573 8201 974 2779 2157 44 7057 9548 3586 3877
350 612 3888 708 1820 255 6679 7666 9628 3622 6137 7880 5064
351 3872 4649 3183 2524 6622 4072 6000 1389 5435 4533 4502 2496 2753 3316 427
352 71 2301 1073 344 924 8394 1428 1808 1640 6126 3043 7517
353 7779 4381 6313 812 2482 9999 4610 5048 3556 2057 1754 538 9848 3982 2555
354 9057 9272 9491 1403 7334 8829 9824 1385 7860 8849 7105 6390 2413 5962
355 3591 5016 5597 1481 6636 6185 7343 71 6337 4528 6101
356 4166 5032 2895 3357 8083 9305 8146 3394 4875 5876 9141 7200 2518
357 1985 9131 4192 566 9053 2487 3401 8898 7831 30 847
358 9503 6872 317 8403 8404 2029 8840 3224 1366 6727 6321 8685 2114 6327
359 3324 5552 2570 2591 7581 3938 3122 4895 6999 2629 4924 7456 2555
360 9507 6402 2251 3803 9531 7352 1694 8318 6075 2668 4626 321
361 7418 9791 847 1765 4761 8840 4382 355 5976 100 3463 839 1065 6920 7023 6827 1668
362 8004 7524 5638 7188 4610 9521 7072 8490 1722 2825 8308 2936 3819 3425 6692 7240 3982
363 8356 3177 4225 7041 6766 5068 4947 9611 1908 2792 5580 1091 9129
364 2874 3813 17 7358 2269 2394 9240 7745 5867 4109 1323 979 7120
365 7081 7662 7685 2664 9670 4318 2353 5896 6054 321
366 4264 501 7303 5572 3627 4929 854 2295 3546 6952 2211 2569 8528 7276 247 5095 6547 745
367 8466 5380 6641 6792 2217 5803 8267 5993 1812 2784 2399 7479 7874 7880 5715
368 3185 3925 1656 3722 4417 3917 3416 194 3345 4896 7088 5848 6030
369 6533 7724 7580 6505 980 1717 1788 1573 2670 7280 8470 4314
370 3587 9122 6901 9726 1993 5956 2347 4630 2607 1512 6692 979 8134
371 9619 285 9618 7036 1724 1024 4397 5132 966 5443 4574 3995 6244 960 7626 7400 7933 1299
372 4996 1755 5913 6710 9943 7437 8290 5509 2852 2330 5387 3982
373 8547 6718 4373 274 8033 4530 1729 786 9772 4798 2003 7845 79 3894
374 3132 5215 1407 5601 5890 8591 915 6373 1517 2661 9431 2817 643 6134 2986
375 9588 324 4812 7359 2733 9887 4610 3479 4554 8598 9505 6453 4774 1145 374 3543
376 5945 380 1807 6225 3998 3664 824 2776 5201 5407 2167 2469 8536 5826 3050 7285 4314
377 6476 2429 2236 6833 8067 5367 1806 4205 3281 7980 8217 6139 3636 6859 1141 2322 9178 148
378 9016 1136 1097 5635 9080 9343 8402 3296 2067 8729 398 6198 901 8343 6635 9968
379 7854 3443 286 169 6115 362 339 5146 7826 6822 1084 7678 1552 8484 9842 427
380 3284 270 4307 7878 5628 1236 5789 2102 6372 1757 1031 2128
381 8584 8244 4838 4212 2139 6659 2314 2776 3060 3079 5301 9397 2555 321 5715
382 1322 1937 6942 5894 7387 6243 1499 2423 5253 8417 7524 5459 234 9244
383 8767 7136 9544 9409 3616 4364 9057 2149 4828 5289 3820 6356 183 4177 7554 5451 7429 935 8994
384 2076 7111 3680 2097 4053 1602 5393 6490 6606 48 6680 325 5483 9139
385 879 5944 6707 1867 396 1018 7801 7700 7200 1401 5880
386 2778 2488 2339 1440 7483 9583 928 954 5126 2579 7651 895 6544 7474 569 5848 8134
387 4874 7394 6406 1958 5244 2302 8769 7673 8800 4840 8027 7213 5897 6087 4501 7709 6938
388 326 8967 2556 4408 1094 309 9250 3467 2806 3630 5341
389 3424 2535 430 6215 5805 474 6977 8110 171 1796 8880 1105 3074 321
390 9673 9278 9911 3596 5601 4243 1218 1849 9582 5265 9802 8312 7622 2790 2 979
391 4757 7592 5247 9527 3170 7640 724 5124 603 8739 6128 9270
392 4582 3857 4799 6977 3624 7854 8205 5362 980 3797 6979 8773 1336 4526 4199 9007
393 8380 1907 3398 7993 9975 1727 8801 5013 8880 3567 1534 2
394 4911 4411 3082 8034 5167 7530 7260 4742 8346 6917 3307 6270 7333 9265 3936
395 2680 1351 2711 8341 1258 4935 2537 6620 5044 8449 4425 1574 7439 3304 6029 321
396 7859 56 6354 4241 3091 7072 8696 6631 6460 1004 9280 1020 8239 312 1471 5407 1479 1566 2972 4664 6534
397 7578 9899 8003 7469 6874 3502 4149 7566 3750 2513 3981 7699 745 2240
398 5703 3500 3544 8074 2081 8752 3473 4082 2960 6187 2070 4341 1979 9968 321
399 4100 6521 4456 9890 3617 3872 419 7211 3864 4180
400 7603 4751 5915 6275 8097 9854 9332 8011 1166 8896 2288 3894 3894
401 531 4331 900 6948 229 8412 458 5492 8256 1638 1583 2857
402 7891 561 8202 2860 4815 3047 8472 9559 7748 2651 3269 9172 2986
403 1275 144 3120 7218 5613 7537 3434 3206 9398 4295 945 1366 4962 4901 2555
404 187 5779 9463 5117 5147 5635 3986 6283 7783 4897 3441 4928
405 1006 2373 4487 7215 864 2961 9514 137 9115 3821 7457 5572 6196 9545
406 2157 4934 8153 9079 8833 6494 5070 570 1092 647 9834 6613
407 7158 4083 4577 446 3264 7745 5770 6857 9426 6747 199 321
408 6003 8299 2996 568 2984 2523 7977 7547 1000 7361 6584 5748
409 3279 398 4237 2170 9289 4107 1840 9699 8281 7460 1396 9404 2288
410 7225 8158 9484 7527 1279 7435 9245 5023 7504 9047 6967 7762 5446 9244
411 7982 7235 8755 8000 5965 8542 3970 8297 2709 247 9822 5572 1091 7652 2288
412 3582 6989 9393 3066 193 9124 3398 2562 8430 8457 8168 6786 13 3584 79
413 4324 7247 858 4964 9780 8007 2153 8238 1302 7847 9241 4774 5175 5748 9842 321
414 1284 9961 3391 2696 4410 3099 270 7865 1243 5700 8438 560 135 9615
415 8394 3800 9456 9378 8674 3348 848 6633 1083
416 459 3974 790 8743 3039 7437 1427 1457 1694 6404 5838 4901
417 9402 2723 7184 2417 9896 4630 4177 1527 8151 3219 2052
418 6840 2054 8180 3415 5356 9999 8305 9902 322 6469 4979 3684 3427 3830
419 7129 7344 7648 6571 5920 119 2306 2180 9066 3427 9453 2327
420 2950 8199 5672 2671 333 5640 4573 2604 7713 9968
421 9934 9396 9157 3711 5812 2640 757 8904 7789 7566 7710 5869 2240
422 2163 1651 23 1623 6221 8126 9034 5770 2324 1346 47 9032 1383 3894
423 6947 6190 147 4098 1417 1488 8854 5129 5297 8881 5122 6018 3261 5962 79
424 2051 1230 6518 2582 2919 4874 4312 5763 5478 6681 3432 2240
425 7489 1724 1019 6310 6922 9802 4465 872 8989 7326 2156 8407 1255 2416 9374 9404 8491
426 5926 6079 4750 2258 8854 2318 8206 4788 953 1880 6218 300 2322 1343 1979
427 493 5532 9774 3279 2680 918 2294 6507 5631 9892 399
428 5081 6966 5044 9796 4982 347 9442 7869 3373 3705 9731
429 3983 4226 1713 5310 9289 4572 9093 5865 1501 4723 6405 668 332 2986 7652 4199
430 6555 294 1597 9420 376 2051 727 1359 5107 575 7180 6986 79
431 7816 5398 3709 1953 9567 649 8085 3411 3603 7412 3507 3936
432 9161 1976 190 5908 4417 7603 3454 5463 9106 8049 2407 2962
433 3029 8792 6193 3669 5828 1864 3797 9198 9208 1178 3396 4845 1169 3982 3885 238 9903 4855 2962 5762
434 3604 1011 2010 8047 7328 3256 1313 2801 5439 9205 2662
435 8359 3421 654 913 1484 5472 9541 5498 9073 279 4045 7806 8267 3982 935
436 2826 1347 777 8024 6193 870 209 6339 6018 7367 3752 3012
437 2475 6515 9060 7685 8891 4761 9000 4133 2540 8950 1123 5325 3241 2773 4624 4765
438 5518 6303 9259 5948 4583 2237 1081 365 4698 7485 993 2802 7084 262 4924 1334 5548 2707
439 7556 5956 7338 5284 4144 2801 3603 3167 4499 5533 3092 7755 1216
440 2230 7784 4533 3966 9434 9412 9098 4220 3630 6113 5416 6082 6613
441 2644 571 3892 6242 8175 5037 9102 5950 1380 9327 9903
442 6646 1089 2508 9089 2105 4113 5891 4784 458 2896 7549 7933 8193 321
443 4383 4356 7223 940 2476 7395 4545 2119 6587 7590 6978 3106 5821 1121 8495 321
444 9926 5222 7450 419 9110 8000 653 7509 2685 5715
445 1474 8076 4583 1104 5228 179 829 474 8373 1067 2978 5317 1293 2345 574 8125
446 1131 3625 9616 3898 5969 1208 3635 7173 9815 982 8826 4021 6331 8498 6547
447 6801 1052 8953 4067 5533 5878 8342 9217 9909 7039 2966 5033 1358 7296 2340
448 6706 5988 6015 5207 6005 6429 621 816 5175 7395 1664 7673 1367 6321 925 3074 1668
449 7098 5450 7513 1245 215 9923 5185 6442 4564 6112 652 3507 2555 79
450 8909 6507 1181 6176 9818 8358 4988 9787 8042 1072 7939 5502 3808 4746 8677 9848 2155 3982 5340 3074
451 5075 7567 2007 4761 2732 7774 3100 5108 7362 1163 3885 7252 6608 6044 2962 9842
452 298 6107 6629 4154 580 274 999 3024 7899 6545 2962
453 2173 1119 2908 1826 138 5051 2631 1450 9576 1356 2383 7072 6073 6771 4151 352
454 9422 7366 5094 9112 7304 7412 9628 1881 1633 4697 8307 7902 79
455 6690 8540 8229 4659 5631 5447 7274 3504 8534 1445 420 2240
456 2955 7080 1283 6154 4251 1493 8803 9553 9314 454 476 2962 7153
457 9912 586 3725 4940 3475 6628 9778 2642 3470 4783 5922 4081 9720 9244
458 9764 2467 7103 1180 7685 2463 6114 7339 1915 3427 7652 5715
459 4382 6798 2115 2949 8307 4987 3209 1885 2874 9748 6671 1260 5962
460 3139 9504 6896 6866 276 7232 161 9466 2847 8212 935
461 627 5944 4231 9408 6573 6795 9266 4589 5904 6734 3543
462 2453 8468 5854 7969 1644 27 3794 9972 7005 9198 2842 6538
463 7010 1709 1653 2133 8127 386 6642 1424 6149 8920
464 7937 3386 7305 2408 3460 4830 7324 797 2923 3203 1216 9160
465 7181 9527 6034 4483 2924 3411 2964 1718 6930 4184 3093 1774 7153
466 6976 1294 6081 6446 5567 5073 4600 6421 1696 4647 6611
467 7663 9880 4740 3108 129 5650 2505 5842 3369 8841 5292 2322 9842 9533
468 1993 9875 2442 7738 611 8942 122 2882 7593 5961 6404
469 4576 2116 2226 978 7608 2755 7748 5456 2164 5825 4798 4011 8105 8193 7949 2240
470 5156 9440 6763 7363 6056 4077 7443 751 552 1476 562 1925 6146 3101 7756 1934 6020 7153
471 2953 2432 7314 5932 8628 4395 1857 7556 9727 8770 5062 5784 8125 2
472 3773 3317 8162 1487 4758 2202 359 7468 2782 8462 8994 2962
473 386 9568 7934 8582 6317 1048 4357 8764 5107 7641 8293 321
474 5734 6078 3230 1320 9816 871 2017 414 7484 1609 4597 2766 75 8491 3074 1534 9007
475 6806 4701 5550 577 7016 3165 720 8719 6241 2112 7078 4945 2209 3936
476 5127 859 996 6039 7464 3305 7037 8609 2617 3787 5856 511 1969 4628 7938 4341 3032 5848 2
477 3034 8477 8979 4596 6328 2752 5325 506 1175 4673 9013 5848 5445 1668
478 8113 711 4085 944 9410 2997 6526 9154 2868 494 447
479 1547 5714 6565 5301 7478 8641 8752 5631 2495 8526 7611 1242 8671 9007
480 4051 1017 9771 8018 5924 9038 2171 7135 9284 4628 8067 8376 3061 6482 979
481 3563 7746 9746 1277 5169 9817 3912 5769 5922 3636 6296 9968
482 7915 7690 4538 2880 2753 3290 2396 8985 3078 4860 9428 3533 8831 8609 4346 2533 1668 321
483 6167 2043 4325 768 3211 1056 2691 2982 4177 246 5401 2 79 2121
484 4568 2404 6719 4547 7325 8349 4847 5971 4687 1568 5961 9795 4027
485 2722 7628 3329 3655 790 1404 8635 2242 4183 6687 7699
486 9405 5794 8569 6974 9063 8834 7963 8215 3031 6043 6555 2978 9244 6613
487 2878 2099 9857 7164 7695 1591 4761 39 4903 6935 712 6537 7153
488 9752 1196 7041 6417 5056 2152 1463 768 7536 5661 1042
489 1477 9887 2504 6937 9668 7921 747 8057 7830 7823 1979 7791 2240
490 1489 4522 5707 8906 6249 2619 6333 8503 1475 3714 5752 5471 925 199 7699
491 3215 4237 6263 1162 3696 2415 4190 704 9429 4677 5190 7243 8528 2943 7699
492 8518 4316 6989 2352 1059 6244 3101 7372 4360 546 6147 6994 5957
493 1458 7827 787 4263 9474 7423 2484 6910 3201 4227 2533 3753 427
494 5535 6319 5839 5529 811 1778 8944 7537 6271 8564 7423 5880 321 8491
495 8551 9724 430 7620 621 6717 4069 4474 9070 5335 8733 5319 4400 4660
496 9035 9274 8270 7263 2041 7416 5383 8058 9015 1574 5531 2572 9930 3111 8644 5715
497 6299 1380 7526 7343 3443 4961 7748 435 7705 7811 5677 79
498 6300 5562 8351 4267 4404 2246 3698 4836 9798 235 7856 9139
499 8846 2747 836 1275 8556 9872 8596 3592 319 1746 8456 6687 8994
