500
0 9432 4291 7811 3530 655 3616 7541 9206 9800 4028 6452 3101 2992 935 5962
1 9405 5794 8569 6974 9063 8834 7963 8215 3031 6043 6555 9688 4377 1042 6258
2 1038 7011 765 1689 1924 234 1484 1751 6888 7938 4704 8145 9842
3 5630 809 9605 9382 973 9998 7246 4858 20 9386 5870 8293 7153
4 7119 5480 1111 7826 1890 9648 3186 9701 6069 2866 5743 697 1546 6044 5715
5 1683 3391 6265 3114 728 8754 2293 2185 7376 6483 4864 6063 7652
6 5395 9732 899 4380 6654 8675 6038 3825 8911 7929 2962
7 6110 3613 8734 6036 2463 5059 8625 6583 2204 3675 5655 3074 321
8 7220 7344 7613 9348 4764 4736 1937 5040 6169 3201 863 2240
9 2551 8758 4558 7400 3194 6917 1734 6637 475 6290 4591 3693 8111 4223 76
10 2856 3787 259 2956 5023 4490 1450 4183 7289 3672 3714 6694 7121 4087 7652
11 3909 8128 3879 3420 4578 392 5181 9779 6702 3528 6675 3232 2986 3982 3012
12 8244 7352 5837 9242 3898 9452 2872 9194 7136 7413 9244
13 1527 6205 6571 312 7834 4570 9245 4387 1848 6438 7200 3012 9968
14 1323 6794 3460 3110 7540 585 2929 5173 5418 5332 39 4478 1248 7456 4176 2555
15 9514 3527 3391 4496 4123 1098 4902 7176 2308 9632 7549 2109 3982 2240
16 3626 1127 9782 815 7451 8464 1465 3208 1769 7000 6699 660 5401 1496 5156 8431 3074
17 9590 5068 5278 1520 2471 7030 1854 6541 7632 6186 756 1353 8125
18 4745 5018 252 8356 3613 9437 7632 7021 5444 9989 652 1942 2121 6613
19 9247 6258 518 6514 5416 7322 8703 7320 5083 9574 4076 8287 3261 1601 7787
20 4379 3788 4421 6916 7937 6319 6026 6364 2799 9330 2591 6020 5715
21 6030 9423 5144 2583 1770 2436 4042 8051 2431 3626 8511 9139 7880 8387
22 5681 2515 2789 7697 7550 3805 3466 8168 87 8930 4909 3877
23 4704 2508 3909 8556 2127 1050 1198 531 5836 7940 8278 796 9283 8495 5715 935 2
24 4683 5381 60 2964 9634 2547 8024 6341 6401 8248 374 7296 6613
25 6703 4179 4161 631 9424 8412 4529 1034 2006 7851 8130
26 2186 700 1644 7720 7680 2466 4365 9475 3088 1088 3800 3186 7960 5755 4079 9903 9244 5962
27 3575 1253 7099 5165 6420 2406 3397 3852 9422 7450 8698 7459 6978
28 2895 1544 4238 7061 1009 7068 7567 8858 7528 3092 8178 5406 5842 1550 7165 2538 3521 8125
29 7523 3849 7727 8552 5597 5919 4832 7433 9188 4092 8807 7285 79 9968 6938 4199
30 5309 9787 4284 4863 5023 4712 8619 4898 1838 3203 8914 1803 1169 2760 6465 6613
31 6318 1163 3688 1169 2811 3539 3900 7339 5206 9840 8086 3792 2555 2555
32 5028 5757 2862 2819 4516 7114 7830 2233 7786 8599 5880
33 9874 3863 1175 1396 2057 3882 6043 9617 8079 5991 8670 9 9010 8477 6134 7652
34 9447 9106 7382 6284 508 8385 5786 2508 1587 9719 108 8722
35 9984 6468 489 8163 1095 622 756 9791 743 6426 1879 516 7691 557 3612 6778 935
36 5234 4381 1595 5260 32 8366 8540 3014 6936 1363 5036 9930 5762
37 7862 1399 3443 661 3846 4565 5162 4665 3310 476 2414 1145 3602 2962
38 7031 4126 3181 587 1561 8680 4473 6893 7004 8251 9733 79
39 1381 7286 3219 9929 7783 8682 1863 4276 5026 5277 5088 6458 2240
40 1198 8003 570 1186 1312 6703 3832 1161 6669 3714 6675
41 692 7156 8521 7022 8541 7380 6722 829 8153 1661 6611 4199
42 3621 159 6316 762 7399 6310 4319 3882 8320 9336 5246 5098 3319 6613
43 7879 5123 153 236 7145 5943 6019 5275 4539 2962 5962 5412
44 2195 3277 5366 9521 5560 6212 4373 7682 4384 3138 7160 6351 8618
45 2698 6253 1695 6549 9313 7171 6931 7947 1144 1500 7006 8476 5948 4282 354 5788 4985 2340 9244 2
46 1166 909 4755 8205 5290 5017 3809 7046 1772 6922
47 8643 3226 2144 246 7373 2242 703 3703 4788 5181 8710 1553 5920 5477 3497 7342 8396 2182 935
48 2031 1262 7464 9841 627 9393 2551 6145 1087 5234 5547 3584 8711 3012
49 6749 6498 4484 4788 7351 1672 7614 9383 8732 5851 7788 6388 8491 2240
50 1135 941 2770 9681 4391 6647 8163 4132 6232 8525 1734 6101 4199 321
51 8682 3296 2387 6634 8055 4488 5686 9765 6274 6933 9635 6547 6938 935
52 2348 9932 1471 4983 3497 6180 7213 5431 3052 2473 6902 8114 5564 1741 6391 6134
53 6106 6105 8835 2590 8629 4617 1522 7034 3204 8908 5318 8188 6296 7153 6613
54 9529 6543 8179 482 2468 9721 3355 5977 3295 2966 2009 7607 4507 7762
55 4650 9258 1727 8086 1795 2741 5337 2557 8287 6144 8293
56 231 3542 555 9175 7865 5556 7461 2541 9602 5925 1238
57 80 5441 2509 8459 4644 4218 209 9725 917 6691 6101
58 2351 8446 6563 2824 6710 4006 7300 6786 7607 6502 6447 148 9199 935
59 3841 7384 1636 6113 2318 8665 6162 1828 1208 306 6461 3249 511 6082 9007 2
60 506 7074 5489 2145 3145 6224 2163 6636 6543 9609 8491 1668
61 5191 8885 1995 529 1951 667 1432 8850 3729 3528 9451 9968 3012 7652
62 1817 4028 5915 7094 6741 9250 1347 2838 8019 6881 477
63 8032 9847 915 7075 7388 5729 9328 7572 8577 6428 7240
64 5766 8638 5011 3206 8805 2047 4110 9524 6812 4859 9844 8671 352 6030 321
65 2835 6531 7946 5717 7335 1248 7688 4849 4551 3917 3837 1786 3885
66 9763 2229 8170 406 1548 372 7700 8483 2118 580 6893 557 2555 9244
67 9216 9375 5570 6178 2553 4906 9734 1444 6414 4917 5347 9400 1491 5341 1625 2962
68 5516 3267 5244 3129 3849 7385 1022 3968 1227 9720 7949
69 4609 533 4802 9056 6248 102 4534 9581 7719 3422 9231 3988 1476
70 5134 2213 4000 3200 6330 1202 9365 7165 5969 1042
71 8347 3484 5249 6185 503 6965 9780 4929 8204 7485 6982 5386
72 8575 6333 586 841 4292 3970 4041 6231 1341 7788 2904 6613
73 1158 5262 2450 5432 3953 7185 6421 4641 8024 8367 4802 6101
74 3611 2746 4989 2834 1007 8071 5843 7232 5861 819 2170 4804 9615 3543
75 6808 667 1413 7905 4132 2105 7769 1743 8940 9586 478 6522 5728 2340
76 7175 9333 9651 7734 4853 4207 6794 2784 6687 2240
77 7373 1267 7775 9582 1890 245 78 2471 2290 4013 1971 4494 7151 3811 7 4341 6672
78 8035 6110 2363 822 4555 3504 1322 4736 6446 9940 1625 2288
79 1362 9330 9707 6271 8834 3067 120 3892 2582 3405 7842 8209 8618 7948 1871 5507
80 3385 9303 4567 6371 3169 8939 2120 7556 7945 3110 6675 7865 2346 1299 1984 7732 7736
81 8032 6540 8020 5816 2602 69 9745 4374 7788 4571 3254 4106 1083 3543
82 4487 7197 4792 5508 8159 2048 4233 4094 8555 9374 8994
83 1409 3406 1926 7139 6756 7801 2956 2333 7426 6464 4901 321
84 4480 1181 9702 8379 3233 3740 5928 2776 8839 9721 9015 9587 1050
85 3527 1126 6293 8271 6888 8990 4143 2164 2652 9969 4273 8263 8248 9453 7413
86 2434 8613 2599 2799 5798 4088 3165 8276 5590 8959 1095 5713 8910 3783 2240
87 9599 4257 5868 677 9660 8278 7477 3329 1332 3446 4803 676 9898 7698 1534 1979
88 1792 5862 524 8353 4505 1683 428 5556 4959 5044 7087 8021 4846 2486 412 5412 9842
89 9962 3578 6431 6720 1374 6163 8128 5968 4703 4997 8069 238
90 6476 2429 2236 6833 8067 5367 1806 4205 3281 7980 8217 6139 3636 6859 1141 8484 6196 6101
91 3774 8820 2772 7582 3238 7507 9124 5123 793 3876 4277 8713 7615 5307
92 8378 2137 8517 3605 3060 5793 593 4119 607 1678 6875 4626 5848
93 7440 3824 5404 3430 8497 5389 1143 5116 6022 7110 5163 6465 7438
94 3035 8384 2233 2182 4381 2967 9128 924 9344 4178 3054 7883 5458 1110 9545 2128 4855 979
95 3027 9021 309 7274 3660 8045 4845 759 1398 4815 2299 5326 6827 6938
96 6118 2609 7702 434 1612 8673 1467 1641 2953 4888 3377 2288
97 9264 1096 5797 9756 5940 9096 7739 3838 5770 6126 9236 9199 4020 2962
98 5102 8792 6033 1592 7530 6698 6621 9803 8316 9195 6588 2058 8814 511 2875 2240
99 4025 4983 4854 5218 986 1651 7408 4219 186 2669 4333 2104 2458 2264 5340
100 3451 6826 9566 6742 3823 9066 921 4592 4315 7351 455 7026 6891 7088
101 442 6501 2593 9060 1610 3954 8570 3743 4480 6641 1839 3103 569
102 8203 4256 7362 8215 5403 9318 588 9495 8289 2643
103 3188 7188 613 7488 5586 8450 6290 9657 2616 4112 4736 5922 2802 5212 5307 6054 5748
104 2106 751 3467 2852 5818 1617 3180 4454 224 5671 7454 6141
105 1967 5041 6662 7469 5148 7931 255 2754 7754 6479 1464 6613 79
106 8447 2657 3189 2062 2381 9802 795 2210 8684 881 1543 7178 6778
107 5650 3980 1465 6204 6483 8835 9941 8057 279 6643 7795 7120
108 7727 6501 8308 1283 4742 393 1583 1797 2329 43 6500 6861 3106 8848 5677 321
109 821 8042 3920 3574 2860 9400 1373 5646 6596 5871 3537 6428 3602 9129
110 7804 4481 9203 7447 3120 8824 6851 5726 7470 9062 6777 3174 6040 2407 9199 7153
111 8434 93 9748 3277 5611 1511 3995 993 3203 6550 5412 4199
112 9166 2996 1661 166 4102 9608 9895 2398 6667 3867 25 4151 2409 1833 9573 7880
113 6297 3572 3288 2864 6334 1448 3799 603 5403 3082 3432 3111 5880
114 1298 1955 1439 9218 4434 6053 906 9919 8620 7694 9370 5023 8026 2
115 2822 9675 1306 1186 5779 534 7394 9871 1494 8516 7789 4320 6428 2555
116 3407 6988 3330 2787 9557 2334 8903 9056 4394 1917 177 6584 7699
117 7497 4262 3189 3474 7334 613 6872 3847 5689 3108 6082 183
118 3949 7734 2014 3277 2957 7774 1637 3453 812 5801 5652 6424 4199 9007
119 3346 7551 7940 2660 5636 7691 1330 2492 3895 6457 6332 1877 1515 7429
120 7547 2552 1288 8199 3555 9248 4153 4369 2947 8704 7486 7684 9244
121 0 276 5375 8044 4256 6639 3957 9277 4666 9783 3033 1149
122 8083 4857 7881 1468 3482 9319 5180 2222 5147 4360 7956 2927 1058 6827
123 8165 6242 4738 7850 8752 8270 7583 7071 8703 4807 7864 3836 9968
124 2144 5245 6693 5522 4213 266 9156 2785 7947 759 1053 5029 745 79
125 3860 229 7622 5628 157 2406 2058 8780 7534 1280 3820 8244 1524 8487 7240
126 7656 6542 3206 392 7921 3897 7672 7673 1738 6229 2156 3665 5445 6827
127 1809 5247 5319 5263 5147 4338 380 2849 2990 6902 7856 6613
128 9623 1269 9874 9923 8190 4506 6747 3891 2251 9201 7379 4679 2288
129 9059 6782 3252 3270 3306 8863 5676 1185 7431 9527 6990 61 8651 8711
130 2284 8817 3333 9976 5125 9577 5040 491 676 8716 9453 9533 2555
131 3200 4955 3605 9536 8913 7109 1940 2870 7167 2060 7413
132 7547 4266 3394 4244 6273 5284 1067 1905 83 2359 5946 2030 9991 9930 8994
133 414 3224 7888 5665 9030 4889 9757 8736 1608 9119 5247 9990 8994
134 9576 9710 6212 9141 9797 521 5134 5794 7292 9815 2884 1075 3955 1888 1140
135 4262 9833 4075 3986 902 1964 3151 4828 5067 2388 2803 2951 8375 5507 9848
136 2025 6371 1767 5173 3968 1040 272 9618 5217 3847 5679 8841 9013 79 9007
137 8285 3526 7870 7559 8807 4739 8213 7816 7196 8462 8293 6613 2
138 5176 377 1690 249 2307 5664 2508 6489 161 5361 8573 9723 2704
139 7014 4017 358 3549 6212 2714 8250 524 7522 1011 4354 5072 3758
140 1480 4017 2636 9917 9429 3042 7177 9072 2160 8257 2246 9659 9968
141 3306 897 6224 8165 9217 8519 6763 4308 6594 3675 2923 6014 979
142 6139 4150 8093 8174 1633 1770 5595 2786 2301 9837 997 977 7130 1924 5993 4344 5788 2986 7949
143 4417 8272 1084 8567 7129 409 3132 7634 5006
144 1403 4077 1021 8119 4193 2597 9804 8932 3857 4727 15 1972 5896 719
145 9690 6382 5028 9823 3287 5693 1159 4848 7604 7733 7193 8716 7709 2240
146 8635 8166 7295 8548 1556 4098 1041 1541 5927 2209 6046 9023 8832 6613 3012
147 1087 7359 6210 4903 9946 7723 2548 5693 9841 399 6672
148 9828 4632 4441 6812 2112 3574 7246 964 5151 132 2087 1063 872 4760 2480 5762
149 9664 6686 5615 1802 731 370 3805 3308 2049 7975 4396 6938
150 1759 1170 7061 2775 4841 2548 8093 7506 7695 7517 7699
151 4563 4166 191 4347 8077 1893 4559 9719 7136 2077 3038 3312 8832 3877 79
152 4583 73 4976 2586 6612 422 2107 1569 8866 2398 6102 5748
153 5363 4559 4981 9585 1980 7718 833 7062 5467 7101 7806 1289 2340 427
154 5850 7582 5701 5487 8137 1032 9722 3239 3452 8309 511 7652
155 6963 3526 9601 4739 9388 2913 627 9717 2287 4662 1962 6067
156 6253 8554 8829 1430 982 532 6557 7838 5443 1876 8052 1498 2962
157 7245 125 2089 5913 3591 3289 943 5581 1876 9305 2898 9244
158 1312 134 6394 6867 5371 370 5160 1029 2937 8644 321
159 6624 4512 1000 9184 4992 6222 1787 8469 960 9841 813 9852 4199
160 3600 1863 567 5049 9830 6068 6853 1324 7884 8809 2927 6986 9007 3012
161 6411 7714 5696 7270 207 4631 4026 4695 2673 8951 5024 9545 2962
162 4073 8940 314 6218 7306 4167 7417 7176 7128 2345 8406
163 2586 9851 5100 2900 2636 9293 956 5418 7376 1283 5258 7438
164 5617 5893 2814 310 2859 1838 4077 9481 3189 9330 333 9283 4923 9573
165 6949 1680 1024 5655 9162 9307 72 261 63 3161 8395 3147 1644 3533 7762
166 7406 4766 5631 8039 1731 4248 8455 6991 7727 8895 4431 1260 2240
167 4164 781 7928 3698 9236 9665 2194 6594 6887 3469 5677 3032 5715
168 3375 1987 29 5565 2247 8492 3280 9736 1314 2436 3711 427 2962
169 3255 3281 5575 2010 546 4387 3352 5722 6633 2236 4337 4179 1242 5645 9518 6030
170 2356 7819 1236 3211 9437 9066 8322 1241 4710 2383 4415 8220 4341 2555
171 1644 704 3362 4696 4677 9926 222 6498 2258 4963 3236 866 6482 979
172 5842 8906 91 8785 5444 1558 1572 6379 735 6729 8812 1668 447 7949
173 2266 7823 8900 263 9718 4486 8228 7233 9595 558 5311 1734 1121 259
174 7760 9962 8496 153 740 5853 3670 3477 8256 2962 7949 321
175 4825 2280 4590 8395 1901 8241 4779 5986 5466 7586 2600 4909 3371 6101 5880 2240
176 9222 497 1698 2502 4774 6724 6941 2041 6939 5709 7526 6482 6141 7709 9842 7699
177 3039 6599 208 8407 3721 3320 5230 9828 3602 6216 8671 3895 6607 3355 7023 6899 417 9970 3543 7517 3830 4035
178 5535 6319 5839 5529 811 1778 8944 7537 6271 8564 4628
179 3668 4078 2158 8757 5702 9638 5726 932 5682 2572 2019 2650 5997 5131 5278 5232 7575 9199 6986 9197 4180 5715 2288 5715
180 8088 4401 8602 9103 3932 2233 5814 9619 4500 7419 3380 4313 3464 9667 8423 2288
181 4474 8136 4065 6086 4295 5856 1789 7273 4554 6508 6464 1665 1601 4385
182 2718 9808 224 9988 975 4391 6431 1820 7325 3256 46
183 7989 980 2369 5323 6574 3596 5257 2385 4686 5212 6168 3986 8566 2608 9943 254 8105 7751 3074
184 2951 2549 8766 6134 5779 5176 3540 4805 5634 8350 2425 472 2437 7754 3894 4314 1668 3894
185 1249 6803 3966 8346 9610 706 1178 6418 8530 3075 3354 4719 267 4352
186 1435 4010 8519 4623 532 3084 3182 2609 1402 232 3545 8539 7929 7949
187 9785 2942 2417 3775 7209 226 7478 6453 9961 6259 6820 9989 541 2643 79
188 5539 8398 2678 3622 7650 9344 2440 225 9844 1907 6833 3728
189 7424 7503 9389 897 2891 4863 554 6620 9332 6750 7929 5848 79 7652 2
190 171 8781 6476 8001 2546 6389 2911 9399 7309 8753 1841 2650 5875
191 8449 4447 8234 9353 5290 401 3959 1319 2722 2867 9160
192 7840 9015 3267 6875 1733 2186 3397 2085 9186 5660 2864 8310 1794 5126 4647 6613 6827
193 3039 4545 5680 4293 8077 3162 1391 2262 1198 6311 9989 8671 7120
194 4030 7247 4970 6451 9551 7402 9126 6664 2952 3338 6883 3866 3395 5715
195 9690 833 4668 404 7275 9022 2178 4921 736 9256 1774
196 1532 5634 6206 4005 5051 4944 8660 9762 7851 4027 321 3074
197 4171 1518 9154 6430 4410 6916 6869 1760 8419 7216 1292 3146 5962
198 3302 6805 5303 6007 7489 1435 739 6668 8523 3410 7736 7699
199 402 3749 702 9691 3283 2862 9313 983 4368 5716 3804 2630 3885 8406
200 7562 5187 7740 9308 1427 7544 9070 975 4621 7856 9301 2100
201 5909 8523 9933 7492 4341 2506 4185 178 8455 9928 3333 9159 6101 2951 6627 1934 238 5326 4199 2630
202 1743 2606 1577 3289 6887 7017 5172 4960 3772 4702 1647
203 4370 1501 1062 1686 8256 1738 201 3353 3858 5481 2362 3119 8896 4234 3982 2
204 983 7309 4860 7946 6884 4845 9886 947 6787 1142 8963 4797 367 951 8495 321
205 8318 4419 6933 7705 6863 3512 2226 1067 2821 7323 3229 6537 6827
206 8854 1581 4178 1336 4629 4206 423 6940 6804 4810 5052 3441 3547 4359 6458
207 7523 7530 337 9198 5089 3357 9376 2189 7816 3109 8531 9451 5880 7153 3012
208 9405 8315 7802 2749 585 1421 889 8823 8158 6658 9978 2010 5458
209 110 2678 1996 8415 4428 4701 2672 2633 4232 4195 1610 7477 1607 6550
210 3301 7583 3796 5450 1061 9177 1602 9 9300 1611 3432 7296
211 4974 137 7030 9825 4615 8342 7950 3636 6410 943 9433 3242 8501 8378 5386 4035
212 889 4869 600 3525 6719 3676 1005 6016 5649 4401 7949 1668
213 1490 2252 916 2804 4185 4448 8632 3999 6821 7624 6137 7652 935
214 7368 7626 0 7963 1515 5647 1122 2317 22 8554 9684 2704 4340 7762
215 2770 9571 6819 1461 6351 1869 8181 8904 7504 9195 2200 8115 9172
216 7873 6256 2934 6933 9305 3506 2143 9673 7841 7770 4180 7713
217 6874 4576 9958 3881 645 9209 5712 2817 1164 7517 79
218 5402 7353 5608 2997 5578 2996 8949 2547 6858 2699 8687 6967
219 542 4013 6123 7551 996 8286 2607 5308 436 2404 3022 740 1846 6863 6699 300 7438
220 2534 5380 7708 1862 7735 4521 3112 4578 8145 3377 5762
221 5786 3625 3978 2756 195 3071 3143 6729 3453 6269 7379 9731 4340 1774
222 2044 1673 8050 2848 1526 3448 5683 1246 2904
223 3387 1733 4154 8410 8335 7750 2445 3837 3726 5336 8224 979 5715
224 5739 144 1010 4610 6058 3643 9493 3469 1146 8247 2771 3827 6258 79
225 2434 1652 4832 9809 3609 2867 9341 7327 3072 5920 1574 6301 3681 4618 1256 7883
226 5109 1377 3189 6013 9362 5226 125 6521 4260 8749 7970 6883 6092 6424 541 9931 3074
227 5013 5682 3667 6124 8014 958 7262 8499 47 5896 6833 2349 7652
228 631 7455 8108 3860 4568 6314 1459 6865 5112 7575 3936
229 9358 4169 6483 8895 6451 6655 6503 231 1532 652 5412 5715
230 5915 9108 7529 5287 1014 8240 7644 4044 412
231 5439 2390 5162 2294 3387 788 653 9278 6674 108 6899 5885 7369 732 9129 9299
232 7383 1384 5301 9019 7292 40 2080 368 3175 5912 6500 5748
233 6382 9018 1837 6265 5970 6751 8350 2994 5341 8116 7762 3877
234 4082 9402 1669 9520 1400 1608 2528 5085 4216 4111 8343 1668 9007 79
235 3391 2629 8393 7851 1895 3137 909 7302 5667 9800 2404 3377 9533 2
236 6964 4675 5454 3811 5054 972 5613 6872 5000 8874 860 2322 9178 6327
237 6911 2048 3659 1100 6513 8638 3421 7000 6808 9637 46 6044 9968
238 1344 9204 8757 7471 5354 9722 7964 3372 1381 4844 9089 4108 6538 447
239 2419 5514 6063 2770 176 5449 2820 2315 3275 5321 634 9974 5668 7055 6030 259 6938
240 3809 7930 2756 7387 6718 2921 3244 7445 8079 5747 9586 9043 4314
241 9132 6375 240 8962 818 2729 8127 113 1187 8507 7395 6744 1305 5902 9480 4399 6470 3074
242 7382 57 8496 26 6040 1697 3776 8562 284 1560 5312 1533 9881 7219 7699
243 5990 1622 7958 9736 4574 8317 5485 2590 2009 7751 3074
244 2483 4565 1778 9066 5516 7808 9254 3834 4515 7473 126 7968 2121
245 2326 580 884 8605 8808 6509 7516 3450 282 6825 7078 2415 1273 5869 5412 2
246 6751 1417 241 1184 106 3628 2640 5048 6883 7252 1774
247 7633 1279 1614 1842 7122 2368 1200 1549 142 1139 3700 7652
248 3010 9225 6688 7783 9437 7659 5298 8887 4362 2417 3486 9615 935 5715
249 8271 2755 5314 9530 2918 1341 1292 6729 5379 9961 4140 4457 84 5962 8994 7762
250 191 8265 4879 9402 207 3070 5276 3696 1351 1629 4865 9467 8431
251 4182 1705 1179 3829 642 8978 5210 4439 5132 7960 7731 3565 5260 8726 8212
252 4248 4059 2912 3410 4133 7868 4717 2150 1439 8372 2690 3925 3784 4619 321
253 3866 5328 9825 2403 5743 1038 7169 270 3161 5281 8423
254 772 371 2703 926 7151 1278 1618 4817 2262 8531 79
255 6176 408 635 2535 7098 3176 1565 5527 8813 8859 1299 9842
256 3274 9223 9492 3529 7375 7449 1948 3598 8548 5884 6454 6547 2240
257 8424 1884 3931 7446 4130 883 8490 3691 8167 7364 6413 139
258 5588 2111 381 4609 7963 8877 8787 193 5844 5043 8105 3032 3982
259 5066 4800 3546 1138 5017 6629 8576 6356 6082 1125 3012
260 3017 2435 9130 8090 9161 9800 3014 5568 402 6099 3383 6997 5322 3894 9007
261 6963 6694 5298 7421 9516 3608 1124 4277 2399 9621 3107 8507 7861 8539 8716 8134
262 2351 5753 8192 9291 9691 7273 9902 8386 2685 3074
263 7611 3199 7978 4549 9113 515 2590 6143 9034 8739 3840 3847
264 836 7876 9675 5694 3668 1905 611 274 667 8150 1287 4985
265 2734 6318 6948 8973 3504 8854 9128 4543 6734 1551 3190 5340
266 4394 6700 1753 9182 1425 8499 4184 4815 5274 8562 9045 5916 3314 2555 2555
267 9200 1650 171 6856 2998 5935 8850 8708 1760 7811 2773 2240 3032 8387 7153 2962 2962
268 1230 8265 2387 733 2046 4450 6897 2540 9495 9179 3976 3109 2999 6377 6938
269 38 9272 7753 7860 7334 2268 7843 6885 94 5547 1647
270 7185 3711 5224 4218 2936 4015 6937 1727 9084 1781 7261 5509 450 8994 3894
271 8885 1291 8945 6297 629 7214 6789 2213 4491 1761 1984
272 4193 997 551 1891 7396 106 1561 9132 9004 3291 4123 3315 6091 6369 2327 2962
273 3643 7700 1250 5744 802 2702 6126 2949 4347 9267 9169 7060 2322
274 6316 2504 6735 8760 1778 817 2124 7616 8402 935
275 7305 7121 5695 3100 7695 5103 2133 9710 125 4410 2522 9947 1752 4855
276 9338 7004 3834 7985 5418 4806 8147 8334 7679 6825 9548 2904 1984
277 7149 5390 2381 2047 4525 5362 2991 6261 1893 1682 5010 4728
278 4144 4119 3763 5539 7703 4850 1268 3688 467 2112 1731 9139
279 3485 8739 5470 3915 4574 9312 1994 5298 8390 929 6454 1206 8663 1979 9968
280 4451 890 747 3270 5886 805 6873 7292 8969 1445 8920 8644 2
281 5937 3154 2191 740 7161 6034 2886 754 3766 691 8894 719 8134 5715
282 4877 9847 1788 4731 2332 7430 788 1189 9470 4313 9089 6285 5458 4199
283 3143 9375 2360 6282 4373 5998 3916 3793 2831 3021 4068 8062
284 423 504 794 9001 1388 3419 7345 6085 5062 1223 2895 2001 7874 7575 9007
285 2632 7205 9547 8707 8757 1173 3098 835 4173 5663 4203 5964 1534 1668
286 2279 1821 8483 7551 1636 3755 27 7346 4012 9548 6528 3074
287 7512 7246 4795 6385 430 3288 2886 3275 2446 413 9994 4442 6445 7413
288 5545 5796 3290 3671 168 5726 1482 3282 8844 7357 5228 4920 5326 7153
289 7779 4381 6313 812 2482 9999 4610 5048 3556 2057 1754 538 352 3936
290 9118 8608 7246 9705 4333 1793 5911 3283 9919 4970 7732 4909 7949
291 1671 283 3439 8410 3800 7063 5751 6516 3148 233 8677 8015 780 6547
292 2918 2127 495 6951 6213 1324 2443 9949 790 8235 321 9842
293 9020 4136 1507 5460 2285 7339 2994 4309 8279 5948 7454 4801
294 6749 4672 6105 7593 9263 7781 7344 9650 1095 7297 1360 8058 412 3074
295 3437 2525 2031 8264 9 4157 9859 3385 1610 8309 7044 5869 9244 9007 2962
296 6455 9204 2225 2365 4769 9960 7459 6456 1180 9301 8130 4199 5848 2962
297 5084 2645 6786 7035 631 7006 2365 7513 3658 5158 4901 9533
298 1857 240 2689 2597 2575 8921 4899 6427 2299 2057 4786 4531
299 8669 9474 853 9791 5177 1421 9327 8263 261 5366 1340 8049 253 79
300 8389 34 6074 5644 646 2406 4131 3165 535 2930 6604 8853 5386 7852 5219 412 2486 7652
301 3951 2665 7076 4753 1431 3583 6226 7217 4719 5048
302 8415 1239 8358 9442 7497 3198 490 4849 4505 8183 7133 7732
303 9427 657 5107 8424 4436 1398 1626 6939 447
304 8198 8958 5520 9211 1762 794 1118 5769 3661 8510 5877 5384 3494 151 3856 732 3982 1238 2240
305 2268 4523 9571 7208 4017 3418 8635 6116 1969 4527 2121
306 5859 1603 349 2426 4908 3647 7593 8941 3129 6039 9743 4501
307 6358 656 1919 3441 8801 242 2981 5758 1859 6065 6918 9816 4783 3113 6327 9842
308 2336 7928 9147 7887 2824 1897 8635 5534 7085 4362 9842
309 4910 5070 5041 5315 2841 2138 4892 4100 964 7243 719 3894
310 8520 7360 5524 3199 3466 7227 1930 7324 3350 9429 5923 5254 7026
311 7693 2254 5045 1520 715 8051 3283 416 1428 4347 8362 575 9453
312 3854 494 801 895 8774 9708 3067 3637 8440 7647 8580 3877
313 5133 4503 2383 6043 2570 1708 2664 5866 9652 3927 4258 133 4060 2986 9533 2962
314 663 4938 919 5045 6437 5094 3009 7477 1248 3322 8403 9460 1306 5535 5072 3836
315 6936 1743 3450 7368 555 53 2333 9627 2402 7199 6236 5219 2643
316 8604 5734 3373 8141 7371 5234 710 6711 3679 8990 3024 4910 1638 5962
317 5692 4759 7370 6328 8362 948 4491 693 5256 1041 2640 9518 7652
318 1398 2999 4764 3702 2367 6440 6234 2559 2957 9400 3021 5645 6014 9075 7732 1668
319 154 4161 6563 9344 6417 7276 3742 8646 7677 2477 6161
320 2186 1118 6997 4866 2899 8502 1813 5947 3717 5802 8867 9014 3067 2432 6134 3074
321 8393 5513 6262 187 5920 1092 393 2135 4127 6863 3631 6301 5677 8005
322 3759 6574 9626 1003 3172 6633 5600 848 1179 2223 3240 9607 6538
323 1663 591 3300 4249 6330 997 6931 5017 9370 9379 1830 9493 3758 9533
324 3863 8968 2784 5995 5192 7921 3399 229 7223 6301 455 6904 4175 7068 2618 5483
325 9617 6429 9650 2508 1182 9272 9622 514 8288 8687 9930 1668
326 7448 3563 1212 3782 8532 5091 308 3228 8827 6383 5719 8880 5785 3875 6044
327 6957 6530 3850 4585 879 3407 2287 1390 1277 4580 1799 6153 5507
328 8682 1980 1855 763 8382 4853 265 392 1310 9129 5340
329 4428 8467 9854 2638 6136 9500 1278 9351 9682 9517 1528 1496 2962
330 7805 5360 6714 5647 7447 47 9997 9707 15 4709 9322 469 6170
331 7073 5531 9452 766 4502 1666 8458 8404 8903 6343 9836 4624 2
332 5114 4049 2587 7108 7290 7721 775 9047 7501 8855 6941 935
333 492 6114 1453 4066 1952 4517 4293 8931 7092 5164 1009 1384 8815 1174 6326 1498 6428 3758 935
334 5819 3137 9859 4953 911 7796 5351 2933 4466 4719 813 3753 427
335 5499 8440 9002 8743 7368 8817 9041 7449 1786 4504 3758 2986
336 5197 667 2712 7186 8243 2742 4594 6343 6821 4419 5446 8125 9968 2
337 257 5618 6338 6419 5192 1428 6386 2071 7045 1332 4154 7351 482 7012 6938
338 7768 6025 2461 5105 3098 765 1963 9636 912 2664 8914 8105
339 8011 8537 8793 8591 1298 7396 6155 2697 5101 117 1266 6281 8387
340 1692 4849 1804 6620 6950 9627 6531 8757 6390 7864 79
341 9885 9643 4524 5166 6848 2536 5032 7935 2701 6952 8245
342 4452 6542 4574 8263 1483 3917 1468 6648 4752 259
343 7215 818 9683 1538 6892 5898 2279 1980 9816 9601 7849 9606 6677 9107 9607 3012
344 5294 5814 7311 6249 2510 7952 4233 5018 7235 5788 9453 7709 7699
345 3993 1972 5972 3564 2697 8620 5578 4388 5032 6922 2670 7105 2437 7883 5715
346 5994 6933 1826 5676 6871 5302 904 771 5263 9943 3765 9186 9604 4928 4664 9075
347 5960 7343 4007 1214 5798 1581 5047 1709 8721 9807 358 552 1668 79
348 191 8328 6343 3828 5380 8770 4502 6474 3970 4863 6687 6635
349 4497 4052 5613 3610 193 3766 4157 4544 2843 251 6250 3163
350 5009 1906 3892 9378 3397 3260 6010 348 7829 4213 8470 321
351 8000 9788 6425 3682 965 400 5068 2706 2397 433 4294 3842 979 9968
352 5853 9612 9887 8620 2557 936 4049 1585 809 499 5172 3751 5715
353 4098 4812 7444 1208 2253 623 8704 4998 3875 896 6332 3468 4199
354 5202 1635 5130 7882 7718 4968 4103 5441 8856 183
355 4515 536 1230 3429 1338 134 6013 1467 1106 8405 857 8848 838 7652
356 906 8714 3506 4521 9067 4363 8667 5881 9132 668 8406
357 6736 1691 8900 4206 2470 1102 4976 3592 5433 350 8910 4326 7438
358 5528 2544 2039 561 7387 3025 4019 7067 2029 2164 7776 5149 7782
359 5082 7524 1989 6277 844 811 1244 8732 8416 6712 6938
360 8604 8626 7876 3236 6048 7098 9470 2881 4880 1583 4404 7042 7024 6332 8217 5458
361 9554 7832 4169 4014 9959 3765 4555 5780 3843 9775 5501 7320 8043
362 5753 9127 178 4983 2557 6503 5398 547 2528 6652 6021
363 7764 5113 8492 6985 3149 6151 4937 5315 6975 3327 9691 9248 8776 7133 9968 79
364 3650 6954 4321 9828 1268 1829 6798 7223 4486 8282 836 5014 9139 4901
365 7118 4197 7945 4782 3115 6892 2540 2161 462 561 5623 960 4326 321
366 3271 3070 1302 9569 2734 8446 9028 5754 6192 9097 6611
367 4806 5930 4213 659 8420 7901 8710 722 2661 6709 8462 7240 5715
368 3369 2782 1923 3611 7305 3265 4499 7226 2910 2375 8439 2673 4463 4958
369 4713 5310 8119 590 6371 2918 1377 9229 3853 633 4616 6095 3543 7699
370 9430 2863 6798 9945 348 55 2922 1389 8532 7967 4832 2459 3566 6134 2986
371 6852 3899 6263 1905 8724 3242 1729 9817 2324 6537 9075 1668
372 3311 8872 4666 481 5591 4164 8496 1544 6100 2288
373 4751 4196 593 7563 481 5521 8088 5135 7751
374 6619 7236 9017 2130 262 6083 2377 1598 5279 610 7200 6258
375 5399 6160 4017 5 8646 6992 461 8596 5579 7949
376 9296 1754 7265 5382 4189 2788 1470 8409 6247 3588 6748 2128 6534 3894 427
377 6252 9071 4530 5674 7842 113 5939 3922 5601 7281 100 668 8797 9968
378 5792 9081 801 1178 328 4197 2248 3601 5637 4359
379 2775 8420 6068 7086 6171 4511 3480 2465 6326 6798 9364 9086 8491 3012
380 38 1280 2626 2515 2468 2500 1233 4143 184 2806 8484 5715
381 639 798 227 4382 919 741 852 9487 5639 761 7742 7827 8892 4411 2666
382 7023 7074 7451 9429 6043 128 2950 8508 4845 6987 6696 7709 2962
383 8004 5787 3709 4688 493 888 8188 1396 1132 7070 1583 708 8987 9160 9265 3783 5219 935
384 9394 4512 3214 4322 3233 1920 785 161 3139 3842 3836 935 7762
385 413 5885 7676 7169 2206 9941 3747 463 9074 8085 5008 7306 177 7204 4234 2790 5219
386 9184 7096 9618 7798 7258 2530 3313 579 4304 7291 7426 2643
387 1818 1336 9298 1395 9507 9639 6974 3669 676 7974 85 2058 6608 4340 7153 2555
388 8374 1357 6697 9176 3307 4026 4126 1271 2318 764 3101 7856 9040 5962 2962
389 5562 4114 7461 1541 7034 8224 9760 8382 576 2565 9806 2898 6613 321
390 3542 1624 4522 3933 9365 7376 3512 1342 6022 583 4176 2
391 1270 2698 4814 7386 6338 9039 8314 6515 3901 4671 8518 7063 4818 8908 3106 9007 935 2288
392 2970 7483 7378 7745 7237 4293 3173 1637 9674 1780 7164 5389 3303 2413 6610 4035 3074
393 7616 758 1086 1769 4074 4278 8941 1651 2752 1745 5681 5994 7579 7252 5451 2
394 6878 6124 4451 6016 2309 4247 1744 5734 358 6547
395 4865 4801 5400 8743 5189 4135 8447 8228 1372 5622 4281 5393 1882 7919 3006 2555 8491
396 5273 7750 8397 2379 6035 4825 7106 9640 6499
397 1693 5077 5055 5486 8750 3854 3120 9668 3726 5062 7013 2240
398 9175 3390 6506 4395 8744 7551 5261 7107 1852 9669 9533 321
399 9598 1932 3709 6964 4932 4877 7872 1591 9005 726 3917 4707 3783 6258
400 4608 2747 2369 7722 6803 5192 5220 1906 2026 5964 8210
401 6103 2295 2014 2691 2823 7591 5746 4628 485 1875 3651 4781 8572 9004 4035 979
402 5453 6312 7719 3168 460 1337 8819 8673 798 4526 2340 79
403 6005 1231 8623 3814 8051 907 8636 8792 4321 6996 6416 2673 7949
404 473 9593 1787 9271 2971 1914 7287 6459 3900 694 1721 3432
405 4552 6078 1536 7427 3809 9976 7619 7757 8816 6842 8848
406 2587 5827 2792 2804 6695 2677 8273 4865 1914 5044 7216 5311 1042 4180 7852 148 4035 321
407 7863 1697 6849 6329 3257 5414 696 408 6389 5899 6978 3877
408 7672 7141 8078 5701 9647 8762 7351 101 8267 1853 4941 1157 8672 9940 376 1986
409 3279 398 4237 2170 9289 4107 1840 9699 8281 7460 1396 9404 5962
410 4417 5297 7433 1796 4028 6499 7700 929 3990 4192 6718 3789 3537 7234 1117 8491 7762
411 2354 5573 4203 7211 2431 9149 7003 7368 4735 6630 5748
412 8610 4179 3517 3167 9324 4427 5094 308 7279 835 3371
413 5625 91 8006 9901 1599 6389 7321 6072 4122 3052 1429
414 5508 4291 9477 8926 8129 9069 4465 9639 8832 5507
415 100 3260 3646 2245 6047 6661 8083 345 8366 7346 6671 5288 935 9968
416 5950 9651 5955 175 5266 7279 1459 5682 2719 7997
417 3695 8194 2937 2881 2604 2230 68 6179 7975 9483 2240
418 1830 3482 7836 4197 4058 7098 2420 9511 1805 6643 4913 3103
419 9685 191 9473 1096 6791 7533 4072 6295 7474 8922 7653 7012
420 9554 681 982 7973 4122 7638 9123 4539 6613
421 7990 2451 8207 3519 6795 5200 1562 5634 5961 6531 9137 8538 7899
422 7427 9547 812 5408 6553 7890 5389 1494 7837 30 3830 3936
423 2731 313 7881 3462 5628 7727 4130 6814 3499 8649 7048 79
424 4430 6090 1600 7215 8966 7121 6557 4429 3965 1963 6539 622 2818 1625
425 3613 5414 8862 4088 6551 4292 4618 7339 7939 1145 321 2240
426 6688 4500 4381 3011 1463 6373 8203 582 5041 8524 7285 321
427 7375 59 9718 3780 1385 6780 5722 4372 4009
428 6345 8389 2108 2770 8889 6515 725 6634 2196 4385 2962
429 5875 7701 3967 7641 2605 7862 9646 3456 4090 8969 5439 1361 4188 5880
430 9161 7132 4574 3492 9632 3271 6110 3956 7391 1474 6226 5097 569
431 2302 5814 8230 283 9734 1115 8075 4254 7866 5132 1211 8754 4661 5507 9968
432 5727 5886 2372 6013 6476 5755 1747 9115 3797 4731 9122 5555 8396 8125
433 5578 246 6048 3785 689 9156 472 8413 4908 3395 7399 3047 4342 4760 4884 5762
434 8138 2815 6349 5781 5276 5134 2822 2173 9462 6260 254 7049 2175 9244
435 245 8395 3292 6940 9737 1805 3332 5959 4087 745
436 646 2027 6176 5604 3437 3422 1923 7888 902 9816 5799 6074 1635 6254 9398 6336 5775 935
437 9651 7387 1455 1760 4080 1483 8274 2420 652
438 7891 4000 1077 5227 3588 7627 3833 7811 4631 6992 6615 1476
439 804 3635 6752 9031 5624 1626 281 9497 5035 7062 4724 776 1790 7438 3012
440 1756 1016 3777 1787 2747 5222 6433 7127 3994 7495 8931 8512 2962
441 203 2418 4713 2689 3908 3898 7238 7510 1137 732 2121 2962
442 9736 9844 6308 8826 398 3551 8113 4546 637 6732 2721 7404 7426 3079 2704 9139
443 8508 3552 7258 6932 3971 6201 5237 3919 3250 3277 7803 2001 4377 3004 5064 6938
444 225 6058 962 5182 4601 1522 1899 2621 9966 2513
445 5028 4008 2936 2584 8254 1564 868 4126 4782 2961 3104 4639 1121 6778
446 5590 4364 349 2957 7847 3455 5666 6339 357 8183 133 7919 9270 5715
447 5058 1147 9964 1935 5359 5679 9275 4772 9909 6240 3845 246 4333 9208 6029 7669 7438
448 603 6974 4139 5431 6042 7162 3635 30 9900 8444 2559 1042 5748 7949
449 8882 7620 8119 3990 769 158 990 3852 4140 2465 780
450 1293 9863 3777 4938 8326 3908 5472 9668 4113 6485 1898 8832 2962
451 3197 3177 1024 6183 1341 5811 2129 3893 8775 5457
452 1603 2290 9629 4732 9727 8388 1183 9657 8118 2965 220 5288
453 4339 4410 1604 5782 8004 4289 4394 4162 4214 5247 4107 7699 3894 8994
454 6857 3838 529 3771 5089 132 7050 4980 5495 7361 340 8304 5849 476 5412
455 216 1518 36 3019 7360 2713 7004 3227 7696 3352 2518 1454 9224 935
456 9564 8834 5017 5116 7040 380 3489 2896 987 7719 8966 1962 3817 1705 1025 2685 3376
457 5018 1 1906 7235 8213 2021 7844 2001 3550 5132 7949
458 6721 8587 4708 7903 807 1793 1602 9845 1430 7520 9638 5662 7751 2240
459 5330 4550 2119 9811 1569 1887 2389 4333 6539 9679 9665 5788 569
460 1853 2641 232 6048 5723 50 4278 7041 3550 5187 7199 991 2240 79
461 2757 2833 720 5345 7988 1673 9673 7990 657 2569 3905 2155
462 4665 5563 2779 563 2183 766 1567 6566 6708 5670 8789 3509 3032
463 6644 7708 4062 7966 3087 9766 8056 7559 2854 4226 6611 6030 2288
464 1251 2927 7289 684 4475 4643 5295 7794 762 9325 2977 7316 9262 2619 1083 6054
465 5550 626 4294 2940 2659 6068 1653 9484 579 8340 3944 8470 7699
466 3115 8432 7503 1825 2423 5684 3169 7237 6479 8180 7782 838 9545
467 6276 1416 4268 9601 7769 8652 8654 5453 4705 4948 8609 6982 1560 2155
468 7783 8517 1213 5905 8988 9478 2756 5509 6237 507 8655 3047 2699 3074
469 8376 6023 4200 3767 9853 4053 3960 9173 8828 5594 30 300 1534
470 4704 5362 801 6495 2447 664 8318 4896 964 9609 6767 7254 6509 1117
471 5073 4928 9610 939 6393 4830 8827 1000 8422 4991 6672 2155
472 7600 8075 8287 6780 6637 4124 2206 1946 4383 4015 1174 8671 2643
473 1887 6441 3595 364 9030 7396 248 9125 4243 3199 7699 5412 4765
474 2246 9566 8020 4586 4992 4926 9997 314 4837 1455 6264 205
475 9692 7169 8697 5338 2582 5202 7410 850 5101 7578 7460 6150 1546 6584
476 961 6760 669 6697 7428 1400 4689 9401 1335 1079 7709 5412
477 77 6832 7540 9459 268 8057 2787 9526 1531 6063 2413 3894
478 4207 5625 8820 1729 1700 4761 4882 6065 4337 2929 7029
479 875 5631 6297 629 4339 8742 7059 6602 6732 6062 2737 3111 5219
480 3593 5420 2379 3605 4838 5682 8430 5497 8386 1625 1668
481 4516 8625 9703 3072 4674 6265 180 2064 9857 9886 5406 3706 7820 2643 2240
482 9791 964 1475 2215 4646 9675 6309 6491 3968 8005 5185 8729 9199 3251 321
483 9860 2890 4003 4536 7144 3573 4554 7300 2617 2340 2
484 7173 1349 1940 8823 370 7182 740 558 4754 6191 6332 2121
485 8845 8796 451 5766 8421 8683 5845 9262 9153 1181 6244 2735 2679 8105 9129
486 2658 1520 7609 6789 2687 3904 3867 2674 5195 6584 321
487 835 3683 448 8724 1024 588 5692 7020 5934 535 6214 4199
488 8369 2256 8144 8741 5545 7160 3330 6759 8513 1528 8147 7509 719 5340
489 2742 7818 608 2172 499 4761 8988 7743 5826 9178
490 9122 8085 1196 7493 4945 5744 1367 2649 4817 5842 8031 4941 9968
491 2801 2926 611 9009 699 4537 2474 7906 2045 4661 6050 718 1307 1401 6258
492 7574 2694 3640 1333 5202 4733 3612 4160 9457 8325 2185 1391 2407 7413
493 3459 1951 7375 6514 2244 4094 3606 6789 1263 6456 3158 321
494 3825 9203 2756 3927 9447 7507 89 8768 729 866 4957 9265
495 2505 5703 2356 7065 6188 6683 5815 4875 5081 622 5660 4276 8053 9187 1463 8183 5507
496 5678 2593 4718 2610 7228 2277 6891 7295 8509 7459 925
497 7346 2455 1382 5121 4219 1914 9784 111 1296 9518
498 4703 2983 2730 3895 6501 1325 2426 3005 442 8792 6222 1907 9443 155 3044 3320 2264 183 2240 321
499 3996 7505 6231 4586 8905 4009 3618 8081 50 4488 7314 780 6258 5340
